0
0
0.398441
0.796886
1.19533
1.59379
1.99224
2.3907
2.78916
3.18763
3.5861
3.98457
4.38304
4.78152
5.18
5.57849
5.97698
6.37547
6.77396
7.17246
7.57096
7.96947
8.36798
8.76649
9.165
9.56352
9.96204
10.3606
10.7591
11.1576
11.5562
11.9547
12.3532
12.7518
13.1503
13.5489
13.9474
14.346
14.7445
15.1431
15.5417
15.9402
16.3388
16.7374
17.136
17.5345
17.9331
18.3317
18.7303
19.1289
19.5275
19.9261
20.3247
20.7233
21.1219
21.5205
21.9191
22.3177
22.7163
23.115
23.5136
23.9122
24.3109
24.7095
25.1081
25.5068
25.9054
26.304
26.7027
27.1013
27.5
27.8986
28.2973
28.696
29.0946
29.4933
29.892
30.2906
30.6893
31.088
31.4867
31.8853
32.284
32.6827
33.0814
33.4801
33.8788
34.2775
34.6762
35.0749
35.4736
35.8723
36.271
36.6697
37.0685
37.4672
37.8659
38.2646
38.6634
39.0621
55.1055
54.8409
54.5653
54.2791
53.9825
53.6757
53.359
53.0326
52.6968
52.3518
51.9979
51.6353
51.2643
50.885
50.4978
50.1027
49.7002
49.2903
48.8733
48.4494
48.0189
47.5819
47.1386
46.6893
46.2342
45.7735
45.3073
44.836
44.3596
43.8785
43.3929
42.9028
42.4087
41.9107
41.409
40.9039
40.3956
39.8844
39.3706
38.8543
38.3359
37.8157
37.2939
36.7709
36.2469
35.7223
35.1974
34.6726
34.1481
33.6244
33.1017
32.5806
32.0613
31.5442
31.0298
30.5184
30.0105
29.5064
29.0065
28.5113
28.0213
27.5367
27.058
26.5856
26.12
25.6615
25.2105
24.7674
24.3326
23.9063
23.4891
23.0812
22.6829
22.2945
21.9162
21.5485
21.1914
20.8452
20.51
20.1861
19.8736
19.5725
19.283
19.0051
18.7388
18.4842
18.2411
18.0096
17.7896
17.5809
17.3834
17.197
17.0214
16.8565
16.702
16.5576
16.4232
16.2984
16.1828
16.0763
15.9783
15.8887
15.8071
15.733
15.6662
15.6062
15.5527
15.5053
15.4636
15.4273
15.3959
15.3692
15.3467
15.3281
15.313
15.3012
15.2923
15.2859
15.2818
15.2797
15.2793
15.2803
15.2826
15.2857
15.2897
15.2941
15.2989
15.3039
15.3089
15.3138
15.3184
15.3228
15.3266
15.33
15.3328
15.335
15.3365
15.3374
15.3377
15.3373
15.3363
15.3348
15.3327
15.3302
15.3273
15.3242
15.3208
15.3173
15.3138
15.3105
15.3074
15.3046
15.3024
15.3008
15.2999
15.2999
15.301
15.3032
15.3066
15.3115
15.3179
15.3259
15.3357
15.3473
15.3609
15.3766
15.3943
15.4143
15.4365
15.4611
15.488
15.5174
15.5492
15.5834
15.6201
15.6593
15.7009
15.745
15.7914
15.8403
15.8914
15.9449
16.0005
16.0583
16.1182
16.1801
16.2438
16.3095
16.3768
16.4459
16.5164
16.5885
16.6619
16.7366
16.8125
16.8895
16.9675
17.0464
17.1262
17.2068
17.288
17.3699
17.4523
17.5352
17.6186
17.7025
17.7867
17.8712
17.9561
18.0412
18.1267
18.2124
18.2984
18.3847
18.4714
18.5583
18.6456
18.7333
18.8214
18.9099
18.999
19.0886
19.1787
19.2695
19.361
19.4533
19.5463
19.6402
19.7349
19.8306
19.9273
20.0251
20.1239
20.2239
20.325
20.4273
20.5308
20.6356
20.7416
20.8488
20.9574
21.0671
21.1782
21.2905
21.4039
21.5186
21.6344
21.7513
21.8693
21.9883
22.1082
22.2289
22.3505
22.4728
22.5957
22.7191
22.843
22.9673
23.0918
23.2165
23.3413
23.466
23.5906
23.7149
23.8389
23.9625
24.0855
24.2079
24.3296
24.4504
24.5704
24.6893
24.8073
24.9241
25.0398
25.1542
25.2673
25.3792
25.4897
25.5988
25.7066
25.8129
25.9179
26.0215
26.1237
26.2246
26.3241
26.4224
26.5195
26.6155
26.7103
26.8041
26.8969
26.9889
27.0801
27.1705
27.2604
27.3498
27.4387
27.5274
27.6159
27.7042
27.7926
27.8811
27.9699
28.0589
28.1484
28.2384
28.329
28.4204
28.5125
28.6055
28.6994
28.7943
28.8903
28.9874
29.0856
29.185
29.2857
29.3875
29.4906
29.5949
29.7004
29.8072
29.915
30.0241
30.1341
30.2452
30.3573
30.4702
30.5839
30.6983
30.8133
30.9288
31.0447
31.1608
31.2771
31.3934
31.5096
31.6255
31.741
31.8561
31.9704
32.084
32.1966
32.3081
32.4184
32.5273
32.6347
32.7406
32.8446
32.9469
33.0471
33.1452
33.2412
33.3349
33.4262
33.5151
33.6014
33.6852
33.7663
33.8448
33.9205
33.9935
34.0637
34.1312
34.1958
34.2577
34.3169
34.3733
34.427
34.478
34.5264
34.5723
34.6156
34.6565
34.695
34.7312
34.7652
34.797
34.8267
34.8545
34.8803
34.9042
34.9264
34.947
34.9659
34.9833
34.9993
35.0138
35.027
35.039
35.0497
35.0592
35.0676
35.0748
35.0809
35.0859
35.0898
35.0927
35.0943
35.0948
35.0942
35.0922
35.089
35.0844
35.0784
35.0708
35.0616
35.0507
35.0379
35.0231
35.0062
34.9871
34.9657
34.9416
34.915
34.8854
34.8529
34.8171
34.7781
34.7355
34.6893
34.6391
34.585
34.5267
34.464
34.3968
34.325
34.2483
34.1666
34.0799
33.9879
33.8906
33.7879
33.6796
33.5656
33.446
33.3205
33.1893
33.0522
32.9092
32.7604
32.6057
32.4452
32.2788
32.1068
31.9291
31.7458
31.5571
31.3631
31.164
30.9598
30.7508
30.5372
30.3192
30.0971
29.8711
29.6415
29.4085
29.1725
28.9338
28.6927
28.4497
28.205
27.959
27.7123
27.4651
27.2179
26.9711
26.7253
26.4808
26.2382
25.9979
25.7604
25.5263
25.2959
25.07
24.8488
24.6331
24.4232
24.2197
24.0232
23.8341
23.6529
23.4802
23.3164
23.162
23.0175
22.8834
22.76
22.6479
22.5474
22.4589
22.3828
22.3194
22.2692
22.2323
22.209
22.1997
22.2046
22.2238
22.2576
22.3061
22.3694
22.4476
22.5409
22.6492
22.7725
22.911
23.0644
23.2328
23.4161
23.6143
23.827
24.0543
24.2959
24.5517
24.8214
25.1048
25.4017
25.7118
26.0348
26.3704
26.7184
27.0783
27.45
27.833
28.227
28.6316
29.0465
29.4712
29.9055
30.3489
30.801
31.2614
31.7298
32.2056
32.6885
33.1781
33.6739
34.1756
34.6825
35.1944
35.7108
36.2313
36.7553
37.2825
37.8123
38.3444
38.8782
39.4134
39.9493
40.4856
41.0218
41.5573
42.0918
42.6248
43.1557
43.684
44.2094
44.7313
45.2492
45.7626
46.2711
46.7742
47.2714
47.7622
48.2462
48.7229
49.1918
49.6525
50.1046
50.5475
50.9809
51.4044
51.8176
52.2199
52.6112
52.9909
53.3588
53.7145
54.0576
54.3878
54.7049
55.0086
55.2986
55.5746
55.8364
56.0838
56.3167
56.5348
56.738
56.9262
57.0992
57.257
57.3995
57.5266
57.6383
57.7346
57.8155
57.8811
57.9312
57.9661
57.9857
57.9903
57.9798
57.9544
57.9143
57.8595
57.7903
57.7068
57.6092
57.4977
57.3725
39.4608
39.0621
38.6634
38.2646
37.8659
37.4672
37.0685
36.6697
36.271
35.8723
35.4736
35.0749
34.6762
34.2775
33.8788
33.4801
33.0814
32.6827
32.284
31.8853
31.4867
31.088
30.6893
30.2906
29.892
29.4933
29.0946
28.696
28.2973
27.8986
27.5
27.1013
26.7027
26.304
25.9054
25.5068
25.1081
24.7095
24.3109
23.9122
23.5136
23.115
22.7163
22.3177
21.9191
21.5205
21.1219
20.7233
20.3247
19.9261
19.5275
19.1289
18.7303
18.3317
17.9331
17.5345
17.136
16.7374
16.3388
15.9402
15.5417
15.1431
14.7445
14.346
13.9474
13.5489
13.1503
12.7518
12.3532
11.9547
11.5562
11.1576
10.7591
10.3606
9.96204
9.56352
9.165
8.76649
8.36798
7.96947
7.57096
7.17246
6.77396
6.37547
5.97698
5.57849
5.18
4.78152
4.38304
3.98457
3.5861
3.18763
2.78916
2.3907
1.99224
1.59379
1.19533
0.796886
0.398441
0
0