0
0
0.398441
0.796886
1.19533
1.59379
1.99224
2.3907
2.78916
3.18763
3.5861
3.98457
4.38304
4.78152
5.18
5.57849
5.97698
6.37547
6.77396
7.17246
7.57096
7.96947
8.36798
8.76649
9.165
9.56352
9.96204
10.3606
10.7591
11.1576
11.5562
11.9547
12.3532
12.7518
13.1503
13.5489
13.9474
14.346
14.7445
15.1431
15.5417
15.9402
16.3388
16.7374
17.136
17.5345
17.9331
18.3317
18.7303
19.1289
19.5275
19.9261
20.3247
20.7233
21.1219
21.5205
21.9191
22.3177
22.7163
23.115
23.5136
23.9122
24.3109
24.7095
25.1081
25.5068
25.9054
26.304
26.7027
27.1013
27.5
27.8986
28.2973
28.696
29.0946
29.4933
29.892
30.2906
30.6893
31.088
31.4867
31.8853
32.284
32.6827
33.0814
33.4801
33.8788
34.2775
34.6762
35.0749
35.4736
35.8723
36.271
36.6697
37.0685
37.4672
37.8659
38.2646
38.6634
39.0621
30.7566
30.8329
30.9153
31.0037
31.0979
31.1978
31.3032
31.4141
31.5303
31.6519
31.7786
31.9105
32.0475
32.1897
32.3369
32.4892
32.6467
32.8094
32.9774
33.1507
33.3295
33.5138
33.7039
33.8998
34.1017
34.3099
34.5245
34.7456
34.9737
35.2088
35.4512
35.7011
35.9589
36.2248
36.4989
36.7817
37.0733
37.374
37.6841
38.0038
38.3333
38.6729
39.0228
39.3831
39.7541
40.136
40.5288
40.9327
41.3477
41.7741
42.2117
42.6607
43.121
43.5926
44.0753
44.5692
45.074
45.5896
46.1157
46.6523
47.1988
47.7552
48.3209
48.8957
49.4791
50.0707
50.67
51.2765
51.8897
52.5091
53.1339
53.7638
54.3979
55.0357
55.6765
56.3196
56.9643
57.61
58.2558
58.9011
59.5452
60.1873
60.8266
61.4626
62.0945
62.7215
63.343
63.9583
64.5667
65.1677
65.7605
66.3446
66.9194
67.4844
68.0391
68.5829
69.1155
69.6364
70.1452
70.6417
71.1255
71.5963
72.0539
72.4981
72.9289
73.3461
73.7496
74.1394
74.5156
74.8782
75.2273
75.5631
75.8857
76.1954
76.4924
76.7771
77.0497
77.3106
77.5602
77.7989
78.0272
78.2455
78.4543
78.6542
78.8457
79.0293
79.2055
79.3751
79.5384
79.6963
79.8491
79.9976
80.1423
80.2838
80.4227
80.5596
80.695
80.8296
80.9638
81.0982
81.2333
81.3696
81.5075
81.6475
81.79
81.9354
82.0841
82.2364
82.3926
82.553
82.7179
82.8875
83.0619
83.2414
83.426
83.6159
83.8111
84.0116
84.2176
84.4289
84.6455
84.8674
85.0944
85.3264
85.5634
85.805
86.0512
86.3018
86.5565
86.8151
87.0774
87.3431
87.6119
87.8836
88.1579
88.4346
88.7132
88.9936
89.2755
89.5586
89.8425
90.1271
90.4121
90.6972
90.9821
91.2667
91.5506
91.8338
92.1159
92.3968
92.6764
92.9544
93.2308
93.5053
93.778
94.0486
94.3172
94.5836
94.8479
95.1099
95.3698
95.6274
95.8828
96.1361
96.3872
96.6363
96.8833
97.1285
97.3718
97.6133
97.8533
98.0917
98.3286
98.5644
98.7989
99.0324
99.265
99.4967
99.7279
99.9585
100.189
100.418
100.648
100.878
101.107
101.337
101.567
101.797
102.027
102.258
102.489
102.721
102.953
103.186
103.419
103.653
103.887
104.121
104.356
104.591
104.827
105.062
105.298
105.534
105.77
106.005
106.24
106.475
106.71
106.943
107.176
107.408
107.639
107.868
108.097
108.324
108.549
108.772
108.994
109.214
109.431
109.646
109.859
110.07
110.278
110.483
110.686
110.886
111.083
111.277
111.468
111.657
111.842
112.025
112.204
112.381
112.554
112.725
112.893
113.058
113.221
113.38
113.538
113.692
113.845
113.995
114.143
114.289
114.433
114.575
114.716
114.855
114.992
115.129
115.264
115.398
115.532
115.665
115.797
115.929
116.06
116.192
116.323
116.454
116.586
116.717
116.85
116.982
117.115
117.249
117.383
117.518
117.654
117.79
117.927
118.065
118.204
118.344
118.484
118.625
118.767
118.91
119.053
119.197
119.341
119.485
119.631
119.776
119.921
120.067
120.212
120.358
120.503
120.648
120.792
120.936
121.079
121.221
121.362
121.502
121.641
121.779
121.915
122.049
122.182
122.313
122.442
122.569
122.694
122.817
122.938
123.056
123.172
123.285
123.395
123.503
123.608
123.711
123.81
123.907
124.001
124.092
124.18
124.265
124.347
124.427
124.503
124.576
124.647
124.714
124.779
124.841
124.9
124.956
125.009
125.06
125.108
125.153
125.195
125.235
125.273
125.308
125.34
125.371
125.398
125.424
125.447
125.468
125.486
125.503
125.517
125.529
125.539
125.546
125.552
125.556
125.557
125.556
125.554
125.549
125.541
125.532
125.521
125.507
125.491
125.472
125.451
125.428
125.402
125.373
125.342
125.308
125.271
125.23
125.187
125.14
125.09
125.037
124.98
124.918
124.853
124.784
124.71
124.632
124.549
124.461
124.368
124.269
124.165
124.055
123.939
123.817
123.688
123.553
123.41
123.261
123.103
122.939
122.766
122.584
122.394
122.196
121.988
121.771
121.544
121.307
121.06
120.803
120.535
120.256
119.965
119.664
119.35
119.025
118.687
118.337
117.974
117.599
117.21
116.809
116.394
115.965
115.523
115.067
114.597
114.113
113.615
113.102
112.576
112.035
111.48
110.911
110.328
109.73
109.118
108.493
107.853
107.2
106.532
105.852
105.158
104.451
103.732
102.999
102.255
101.498
100.73
99.9506
99.1602
98.3592
97.5481
96.7273
95.8971
95.0582
94.2108
93.3557
92.4931
91.6237
90.748
89.8666
88.9799
88.0887
87.1933
86.2944
85.3927
84.4886
83.5827
82.6758
81.7682
80.8607
79.9538
79.0481
78.1442
77.2426
76.3438
75.4485
74.5571
73.6702
72.7882
71.9117
71.0411
70.1769
69.3194
68.4691
67.6265
66.7918
65.9654
65.1476
64.3387
63.5391
62.7489
61.9684
61.1977
60.4372
59.6869
58.947
58.2175
57.4987
56.7905
56.093
55.4063
54.7303
54.0651
53.4107
52.767
52.1339
51.5115
50.8996
50.2982
49.7071
49.1263
48.5557
47.9951
47.4445
46.9037
46.3726
45.8511
45.339
44.8363
44.3428
43.8584
43.3831
42.9166
42.4589
42.01
41.5697
41.1379
40.7146
40.2998
39.8933
39.4951
39.1053
38.7237
38.3504
37.9854
37.6286
37.2801
36.9399
36.608
36.2845
35.9693
35.6626
35.3644
35.0747
34.7936
34.5212
34.2575
34.0026
33.7565
33.5193
33.2911
33.072
32.8619
32.661
32.4693
32.2868
32.1135
31.9495
31.7949
31.6496
31.5136
31.3869
31.2695
31.1615
31.0626
30.973
30.8924
30.821
30.7586
30.705
30.6603
30.6243
30.5968
30.5778
30.5672
39.4608
39.0621
38.6634
38.2646
37.8659
37.4672
37.0685
36.6697
36.271
35.8723
35.4736
35.0749
34.6762
34.2775
33.8788
33.4801
33.0814
32.6827
32.284
31.8853
31.4867
31.088
30.6893
30.2906
29.892
29.4933
29.0946
28.696
28.2973
27.8986
27.5
27.1013
26.7027
26.304
25.9054
25.5068
25.1081
24.7095
24.3109
23.9122
23.5136
23.115
22.7163
22.3177
21.9191
21.5205
21.1219
20.7233
20.3247
19.9261
19.5275
19.1289
18.7303
18.3317
17.9331
17.5345
17.136
16.7374
16.3388
15.9402
15.5417
15.1431
14.7445
14.346
13.9474
13.5489
13.1503
12.7518
12.3532
11.9547
11.5562
11.1576
10.7591
10.3606
9.96204
9.56352
9.165
8.76649
8.36798
7.96947
7.57096
7.17246
6.77396
6.37547
5.97698
5.57849
5.18
4.78152
4.38304
3.98457
3.5861
3.18763
2.78916
2.3907
1.99224
1.59379
1.19533
0.796886
0.398441
0
0