3.98026
3.98026
3.98031
3.98036
3.98041
3.98046
3.9805
3.98055
3.9806
3.98065
3.9807
3.98074
3.98079
3.98084
3.98088
3.98093
3.98098
3.98102
3.98107
3.98112
3.98116
3.98121
3.98125
3.9813
3.98135
3.98139
3.98144
3.98148
3.98153
3.98157
3.98161
3.98166
3.9817
3.98175
3.98179
3.98183
3.98188
3.98192
3.98196
3.98201
3.98205
3.98209
3.98213
3.98218
3.98222
3.98226
3.9823
3.98234
3.98239
3.98243
3.98247
3.98251
3.98255
3.98259
3.98263
3.98267
3.98271
3.98275
3.98279
3.98283
3.98287
3.98291
3.98295
3.98299
3.98303
3.98307
3.98311
3.98315
3.98319
3.98323
3.98326
3.9833
3.98334
3.98338
3.98342
3.98346
3.98349
3.98353
3.98357
3.98361
3.98364
3.98368
3.98372
3.98375
3.98379
3.98383
3.98386
3.9839
3.98394
3.98397
3.98401
3.98404
3.98408
3.98412
3.98415
3.98419
3.98422
3.98426
3.98429
3.98433
0.574169
0.661523
0.747812
0.833051
0.917258
1.00045
1.08266
1.1639
1.24421
1.32362
1.40215
1.47986
1.55677
1.63292
1.70837
1.78314
1.85729
1.93085
2.00388
2.07642
2.14851
2.22019
2.29152
2.36252
2.43324
2.50371
2.57397
2.64404
2.71396
2.78373
2.85338
2.92292
2.99236
3.06169
3.13091
3.2
3.26895
3.33774
3.40632
3.47467
3.54273
3.61044
3.67776
3.74461
3.81091
3.87658
3.94153
4.00568
4.06891
4.13113
4.19221
4.25204
4.3105
4.36746
4.42279
4.47637
4.52805
4.5777
4.62519
4.67037
4.71311
4.75328
4.79074
4.82536
4.85702
4.88559
4.91095
4.93299
4.95161
4.9667
4.97818
4.98597
4.98999
4.99017
4.98646
4.97883
4.96723
4.95165
4.93207
4.9085
4.88096
4.84947
4.81408
4.77482
4.73178
4.68503
4.63465
4.58075
4.52345
4.46286
4.39914
4.33241
4.26286
4.19063
4.11592
4.03891
3.95978
3.87875
3.79603
3.71182
3.62635
3.53985
3.45254
3.36464
3.2764
3.18805
3.09982
3.01194
2.92463
2.83814
2.75268
2.66847
2.58572
2.50465
2.42545
2.34831
2.27342
2.20095
2.13107
2.06393
1.99968
1.93844
1.88033
1.82547
1.77394
1.72582
1.68119
1.64009
1.60256
1.56864
1.53833
1.51163
1.48853
1.46899
1.45299
1.44046
1.43134
1.42555
1.42301
1.42361
1.42724
1.4338
1.44314
1.45514
1.46965
1.48652
1.5056
1.52673
1.54975
1.57449
1.60078
1.62845
1.65733
1.68726
1.71805
1.74955
1.78159
1.81401
1.84664
1.87935
1.91197
1.94437
1.97641
2.00797
2.03892
2.06915
2.09856
2.12704
2.15452
2.1809
2.20613
2.23013
2.25286
2.27427
2.29433
2.31301
2.33029
2.34617
2.36064
2.37371
2.38539
2.3957
2.40467
2.41233
2.41872
2.42388
2.42786
2.43072
2.4325
2.43327
2.43308
2.43199
2.43008
2.42741
2.42403
2.42001
2.41542
2.41032
2.40476
2.39881
2.39252
2.38594
2.37913
2.37212
2.36497
2.3577
2.35035
2.34296
2.33555
2.32813
2.32073
2.31336
2.30602
2.29872
2.29146
2.28424
2.27704
2.26986
2.26267
2.25547
2.24823
2.24092
2.23353
2.22603
2.21838
2.21056
2.20254
2.19429
2.18579
2.17699
2.16788
2.15843
2.14861
2.1384
2.12779
2.11674
2.10526
2.09332
2.08092
2.06805
2.05472
2.04092
2.02667
2.01197
1.99684
1.9813
1.96538
1.9491
1.93248
1.91558
1.89842
1.88105
1.86351
1.84585
1.82812
1.81038
1.79267
1.77506
1.7576
1.74035
1.72338
1.70673
1.69047
1.67465
1.65934
1.64458
1.63043
1.61695
1.60417
1.59214
1.58091
1.57051
1.56097
1.55233
1.5446
1.53782
1.53198
1.5271
1.52318
1.52022
1.51821
1.51715
1.517
1.51774
1.51935
1.52179
1.52501
1.52898
1.53364
1.53893
1.5448
1.55118
1.55801
1.56521
1.57271
1.58045
1.58833
1.59629
1.60423
1.61209
1.61978
1.62722
1.63433
1.64104
1.64726
1.65294
1.65798
1.66234
1.66593
1.66871
1.67062
1.67161
1.67164
1.67065
1.66863
1.66553
1.66134
1.65605
1.64964
1.6421
1.63345
1.62369
1.61283
1.60091
1.58794
1.57396
1.55901
1.54314
1.5264
1.50884
1.49052
1.47151
1.45188
1.43169
1.41103
1.38997
1.36859
1.34697
1.3252
1.30336
1.28152
1.25978
1.23821
1.2169
1.19593
1.17536
1.15528
1.13575
1.11685
1.09863
1.08115
1.06447
1.04862
1.03367
1.01964
1.00656
0.994468
0.983371
0.973287
0.964223
0.956177
0.949145
0.943113
0.938065
0.933974
0.930811
0.928541
0.92712
0.926503
0.926639
0.92747
0.928938
0.930978
0.933523
0.936502
0.939842
0.943468
0.947304
0.95127
0.955289
0.95928
0.963164
0.966863
0.970298
0.973394
0.976075
0.978268
0.979904
0.980915
0.981236
0.980806
0.979568
0.977467
0.974455
0.970485
0.965516
0.95951
0.952435
0.944261
0.934965
0.924527
0.912929
0.900159
0.88621
0.871076
0.854755
0.837248
0.818559
0.798695
0.777664
0.755476
0.732143
0.707676
0.68209
0.655396
0.627608
0.598738
0.568797
0.537795
0.505739
0.472636
0.438489
0.403298
0.367059
0.329768
0.291413
0.251982
0.211455
0.16981
0.127021
0.0830569
0.0378812
-0.00854585
-0.056269
-0.105337
-0.155804
-0.207726
-0.261166
-0.316186
-0.372856
-0.431246
-0.491429
-0.553482
-0.61748
-0.683503
-0.751628
-0.821936
-0.894503
-0.969409
-1.04673
-1.12653
-1.2089
-1.29388
-1.38155
-1.47197
-1.56519
-1.66125
-1.76019
-1.86205
-1.96685
-2.0746
-2.18532
-2.29901
-2.41565
-2.53522
-2.6577
-2.78303
-2.91118
-3.04207
-3.17562
-3.31176
-3.45039
-3.5914
-3.73468
-3.88008
-4.02747
-4.1767
-4.32761
-4.48003
-4.63378
-4.78866
-4.94448
-5.10104
-5.25812
-5.41551
-5.57296
-5.73027
-5.88718
-6.04346
-6.19887
-6.35316
-6.50608
-6.65738
-6.80682
-6.95415
-7.09912
-7.24149
-7.38102
-7.51746
-7.65059
-7.78018
-7.90601
-8.02786
-8.14552
-8.2588
-8.36751
-8.47146
-8.57048
-8.66441
-8.7531
-8.83642
-8.91423
-8.98642
-9.05288
-9.11353
-9.16828
-9.21708
-9.25986
-9.2966
-9.32726
-9.35184
-9.37033
-9.38275
-9.38913
-9.3895
-9.38391
-9.37243
-9.35513
-9.3321
-9.30343
-9.26923
-9.22962
-9.18472
-9.13466
-9.07959
-9.01966
-8.95502
-8.88583
-8.81225
-8.73447
-8.65265
-8.56697
-8.47762
-8.38477
-8.28861
-8.18932
-8.08709
-7.98209
-7.87451
-7.76453
-7.65232
-7.53805
-7.4219
-7.30402
-7.18459
-7.06374
-6.94164
-6.81842
-6.69423
-6.5692
-6.44344
-6.31709
-6.19025
-6.06303
-5.93552
-5.80783
-5.68003
-5.55221
-5.42444
-5.29679
-5.16932
-5.04208
-4.91513
-4.7885
-4.66226
-4.53642
-4.41102
-4.28608
-4.16165
-4.03772
-3.91433
-3.79149
-3.66921
-3.54751
-3.4264
-3.30589
-3.18598
-3.06668
-2.94802
-2.82998
-2.71258
-2.59584
-2.47975
-2.36433
-2.2496
-2.13555
-2.02221
-1.90959
-1.79771
-1.68657
-1.5762
-1.46662
-1.35784
-1.24989
-1.14277
-1.03652
-0.931154
-0.826689
-0.723147
-0.620548
-0.518912
-0.418255
-0.318594
-0.219947
-0.122325
-3.98953
-3.98951
-3.98949
-3.98947
-3.98946
-3.98944
-3.98942
-3.9894
-3.98938
-3.98936
-3.98934
-3.98932
-3.9893
-3.98928
-3.98926
-3.98924
-3.98922
-3.9892
-3.98918
-3.98916
-3.98914
-3.98912
-3.9891
-3.98908
-3.98906
-3.98904
-3.98902
-3.989
-3.98898
-3.98896
-3.98894
-3.98892
-3.98889
-3.98887
-3.98885
-3.98883
-3.98881
-3.98879
-3.98877
-3.98875
-3.98873
-3.98871
-3.98868
-3.98866
-3.98864
-3.98862
-3.9886
-3.98858
-3.98855
-3.98853
-3.98851
-3.98849
-3.98847
-3.98844
-3.98842
-3.9884
-3.98838
-3.98836
-3.98833
-3.98831
-3.98829
-3.98827
-3.98824
-3.98822
-3.9882
-3.98818
-3.98815
-3.98813
-3.98811
-3.98808
-3.98806
-3.98804
-3.98801
-3.98799
-3.98797
-3.98794
-3.98792
-3.9879
-3.98787
-3.98785
-3.98782
-3.9878
-3.98778
-3.98775
-3.98773
-3.9877
-3.98768
-3.98766
-3.98763
-3.98761
-3.98758
-3.98756
-3.98753
-3.98751
-3.98748
-3.98746
-3.98743
-3.98741
-3.98738
-3.98736
-3.98733