0.0000
4.9843
4.9844
4.9844
4.9844
4.9844
4.9844
4.9844
4.9845
4.9845
4.9845
4.9845
4.9845
4.9846
4.9846
4.9846
4.9846
4.9846
4.9847
4.9847
4.9847
4.9847
4.9847
4.9848
4.9848
4.9848
4.9848
4.9848
4.9848
4.9849
4.9849
4.9849
4.9849
4.9849
4.9850
4.9850
4.9850
4.9850
4.9850
4.9850
4.9851
4.9851
4.9851
4.9851
4.9851
4.9852
4.9852
4.9852
4.9852
4.9852
4.9852
4.9853
4.9853
4.9853
4.9853
4.9853
4.9854
4.9854
4.9854
4.9854
4.9854
4.9854
4.9855
4.9855
4.9855
4.9855
4.9855
4.9855
4.9856
4.9856
4.9856
4.9856
4.9856
4.9856
4.9857
4.9857
4.9857
4.9857
4.9857
4.9858
4.9858
4.9858
4.9858
4.9858
4.9858
4.9859
4.9859
4.9859
4.9859
4.9859
4.9859
4.9860
4.9860
4.9860
4.9860
4.9860
4.9860
4.9861
4.9861
4.9861
4.9861
4.9861
4.9861
4.9861
4.9862
4.9862
4.9862
4.9862
4.9862
4.9862
4.9863
4.9863
4.9863
4.9863
4.9863
4.9863
4.9864
4.9864
4.9864
4.9864
4.9864
4.9864
4.9865
4.9865
4.9865
4.9865
4.9865
4.9865
4.9865
4.9866
4.9866
4.9866
4.9866
4.9866
4.9866
4.9867
4.9867
4.9867
4.9867
4.9867
4.9867
4.9867
4.9868
4.9868
4.9868
4.9868
4.9868
4.9868
4.9869
4.9869
4.9869
4.9869
4.9869
4.9869
4.9869
4.9870
4.9870
4.9870
4.9870
4.9870
4.9870
4.9870
4.9871
4.9871
4.9871
4.9871
4.9871
4.9871
4.9871
4.9872
4.9872
4.9872
4.9872
4.9872
4.9872
4.9872
4.9873
4.9873
4.9873
4.9873
4.9873
4.9873
4.9873
4.9874
4.9874
4.9874
4.9874
4.9874
4.9874
4.9874
4.9875
4.9875
4.9875
4.9875
4.9875
4.9875
4.9875
4.9876
4.9876
4.9876
4.9876
4.9876
4.9876
4.9876
4.9877
4.9877
4.9877
4.9877
4.9877
4.9877
4.9877
4.9877
4.9878
4.9878
4.9878
4.9878
4.9878
4.9878
4.9878
4.9879
4.9879
4.9879
4.9879
4.9879
4.9879
4.9879
4.9879
4.9880
4.9880
4.9880
4.9880
4.9880
4.9880
4.9880
4.9881
4.9881
4.9881
4.9881
4.9881
4.9881
4.9881
4.9881
4.9882
4.9882
4.9882
4.9882
4.9882
4.9882
4.9882
4.9882
4.9883
4.9883
4.9883
4.9883
4.9883
4.9883
4.9883
4.9883
4.9884
4.9884
4.9884
4.9884
4.9884
4.9884
4.9884
4.9884
4.9885
4.9885
4.9885
4.9885
4.9885
4.9885
4.9885
4.9885
4.9886
4.9886
4.9886
4.9886
4.9886
4.9886
4.9886
4.9886
4.9887
4.9887
4.9887
4.9887
4.9887
4.9887
4.9887
4.9887
4.9887
4.9888
4.9888
4.9888
4.9888
4.9888
4.9888
4.9888
4.9888
4.9889
4.9889
4.9889
4.9889
4.9889
4.9889
4.9889
4.9889
4.9889
4.9890
4.9890
4.9890
4.9890
4.9890
4.9890
4.9890
4.9890
4.9891
4.9891
4.9891
4.9891
4.9891
4.9891
4.9891
4.9891
4.9891
4.9892
4.9892
4.9892
4.9892
4.9892
4.9892
4.9892
4.9892
4.9892
4.9893
4.9893
4.9893
4.9893
4.9893
4.9893
4.9893
4.9893
4.9893
4.9894
4.9894
4.9894
4.9894
4.9894
4.9894
4.9894
4.9894
4.9894
4.9895
4.9895
4.9895
4.9895
4.9895
4.9895
4.9895
4.9895
4.9895
4.9895
4.9896
4.9896
4.9896
4.9896
4.9896
4.9896
4.9896
4.9896
4.9896
4.9897
4.9897
4.9897
4.9897
4.9897
4.9897
4.9897
4.9897
4.9897
4.9897
4.9898
4.9898
4.9898
4.9898
4.9898
4.9898
4.9898
4.9898
4.9898
4.9899
4.9899
4.9899
4.9899
4.9899
4.9899
4.9899
4.9899
4.9899
4.9899
4.9900
4.9900
4.9900
4.9900
4.9900
4.9900
4.9900
4.9900
4.9900
4.9900
4.9901
4.9901
4.9901
4.9901
4.9901
4.9901
4.9901
4.9901
4.9901
4.9901
4.9901
4.9902
4.9902
4.9902
4.9902
4.9902
4.9902
4.9902
4.9902
4.9902
4.9902
4.9903
4.9903
4.9903
4.9903
4.9903
4.9903
4.9903
4.9903
4.9903
4.9903
4.9904
4.9904
4.9904
4.9904
4.9904
4.9904
4.9904
4.9904
4.9904
4.9904
4.9904
4.9905
4.9905
4.9905
4.9905
4.9905
4.9905
4.9905
4.9905
4.9905
4.9905
4.9905
4.9906
4.9906
4.9906
4.9906
4.9906
4.9906
4.9906
4.9906
4.9906
4.9906
4.9906
4.9907
4.9907
4.9907
4.9907
4.9907
4.9907
4.9907
4.9907
4.9907
4.9907
4.9907
4.9908
4.9908
4.9908
4.9908
4.9908
4.9908
4.9908
4.9908
4.9908
4.9908
4.9908
4.9908
4.9909
4.9909
4.9909
4.9909
4.9909
4.9909
4.9909
4.9909
4.9909
4.9909
4.9909
4.9910
4.9910
4.9910
4.9910
4.9910
4.9910
4.9910
4.9910
4.9910
4.9910
4.9910
4.9910
4.9911
4.9911
4.9911
4.9911
4.9911
4.9911
4.9911
4.9911
4.9911
4.9911
4.9911
4.9911
4.9912
4.9912
4.9912
4.9912
4.9912
4.9912
4.9912
4.9912
4.9912
4.9912
4.9912
4.9912
4.9913
4.9913
4.9913
4.9913
4.9913
4.9913
4.9913
4.9913
4.9913
4.9913
4.9913
4.9913
4.9914
4.9914
4.9914
4.9914
4.9914
4.9914
4.9914
4.9914
4.9914
4.9914
4.9914
4.9914
4.9914
4.9915
4.9915
4.9915
4.9915
4.9915
4.9915
4.9915
4.9915
4.9915
4.9915
4.9915
4.9915
4.9915
4.9916
4.9916
4.9916
4.9916
4.9916
4.9916
4.9916
4.9916
4.9916
4.9916
4.9916
4.9916
4.9916
4.9917
4.9917
4.9917
4.9917
4.9917
-4.9917
-4.9917
-4.9917
-4.9917
-4.9917
-4.9916
-4.9916
-4.9916
-4.9916
-4.9916
-4.9916
-4.9916
-4.9916
-4.9916
-4.9916
-4.9916
-4.9916
-4.9916
-4.9915
-4.9915
-4.9915
-4.9915
-4.9915
-4.9915
-4.9915
-4.9915
-4.9915
-4.9915
-4.9915
-4.9915
-4.9915
-4.9914
-4.9914
-4.9914
-4.9914
-4.9914
-4.9914
-4.9914
-4.9914
-4.9914
-4.9914
-4.9914
-4.9914
-4.9914
-4.9913
-4.9913
-4.9913
-4.9913
-4.9913
-4.9913
-4.9913
-4.9913
-4.9913
-4.9913
-4.9913
-4.9913
-4.9912
-4.9912
-4.9912
-4.9912
-4.9912
-4.9912
-4.9912
-4.9912
-4.9912
-4.9912
-4.9912
-4.9912
-4.9911
-4.9911
-4.9911
-4.9911
-4.9911
-4.9911
-4.9911
-4.9911
-4.9911
-4.9911
-4.9911
-4.9911
-4.9910
-4.9910
-4.9910
-4.9910
-4.9910
-4.9910
-4.9910
-4.9910
-4.9910
-4.9910
-4.9910
-4.9910
-4.9909
-4.9909
-4.9909
-4.9909
-4.9909
-4.9909
-4.9909
-4.9909
-4.9909
-4.9909
-4.9909
-4.9908
-4.9908
-4.9908
-4.9908
-4.9908
-4.9908
-4.9908
-4.9908
-4.9908
-4.9908
-4.9908
-4.9908
-4.9907
-4.9907
-4.9907
-4.9907
-4.9907
-4.9907
-4.9907
-4.9907
-4.9907
-4.9907
-4.9907
-4.9906
-4.9906
-4.9906
-4.9906
-4.9906
-4.9906
-4.9906
-4.9906
-4.9906
-4.9906
-4.9906
-4.9905
-4.9905
-4.9905
-4.9905
-4.9905
-4.9905
-4.9905
-4.9905
-4.9905
-4.9905
-4.9905
-4.9904
-4.9904
-4.9904
-4.9904
-4.9904
-4.9904
-4.9904
-4.9904
-4.9904
-4.9904
-4.9904
-4.9903
-4.9903
-4.9903
-4.9903
-4.9903
-4.9903
-4.9903
-4.9903
-4.9903
-4.9903
-4.9902
-4.9902
-4.9902
-4.9902
-4.9902
-4.9902
-4.9902
-4.9902
-4.9902
-4.9902
-4.9901
-4.9901
-4.9901
-4.9901
-4.9901
-4.9901
-4.9901
-4.9901
-4.9901
-4.9901
-4.9901
-4.9900
-4.9900
-4.9900
-4.9900
-4.9900
-4.9900
-4.9900
-4.9900
-4.9900
-4.9900
-4.9899
-4.9899
-4.9899
-4.9899
-4.9899
-4.9899
-4.9899
-4.9899
-4.9899
-4.9899
-4.9898
-4.9898
-4.9898
-4.9898
-4.9898
-4.9898
-4.9898
-4.9898
-4.9898
-4.9897
-4.9897
-4.9897
-4.9897
-4.9897
-4.9897
-4.9897
-4.9897
-4.9897
-4.9897
-4.9896
-4.9896
-4.9896
-4.9896
-4.9896
-4.9896
-4.9896
-4.9896
-4.9896
-4.9895
-4.9895
-4.9895
-4.9895
-4.9895
-4.9895
-4.9895
-4.9895
-4.9895
-4.9895
-4.9894
-4.9894
-4.9894
-4.9894
-4.9894
-4.9894
-4.9894
-4.9894
-4.9894
-4.9893
-4.9893
-4.9893
-4.9893
-4.9893
-4.9893
-4.9893
-4.9893
-4.9893
-4.9892
-4.9892
-4.9892
-4.9892
-4.9892
-4.9892
-4.9892
-4.9892
-4.9892
-4.9891
-4.9891
-4.9891
-4.9891
-4.9891
-4.9891
-4.9891
-4.9891
-4.9891
-4.9890
-4.9890
-4.9890
-4.9890
-4.9890
-4.9890
-4.9890
-4.9890
-4.9889
-4.9889
-4.9889
-4.9889
-4.9889
-4.9889
-4.9889
-4.9889
-4.9889
-4.9888
-4.9888
-4.9888
-4.9888
-4.9888
-4.9888
-4.9888
-4.9888
-4.9887
-4.9887
-4.9887
-4.9887
-4.9887
-4.9887
-4.9887
-4.9887
-4.9887
-4.9886
-4.9886
-4.9886
-4.9886
-4.9886
-4.9886
-4.9886
-4.9886
-4.9885
-4.9885
-4.9885
-4.9885
-4.9885
-4.9885
-4.9885
-4.9885
-4.9884
-4.9884
-4.9884
-4.9884
-4.9884
-4.9884
-4.9884
-4.9884
-4.9883
-4.9883
-4.9883
-4.9883
-4.9883
-4.9883
-4.9883
-4.9883
-4.9882
-4.9882
-4.9882
-4.9882
-4.9882
-4.9882
-4.9882
-4.9882
-4.9881
-4.9881
-4.9881
-4.9881
-4.9881
-4.9881
-4.9881
-4.9881
-4.9880
-4.9880
-4.9880
-4.9880
-4.9880
-4.9880
-4.9880
-4.9879
-4.9879
-4.9879
-4.9879
-4.9879
-4.9879
-4.9879
-4.9879
-4.9878
-4.9878
-4.9878
-4.9878
-4.9878
-4.9878
-4.9878
-4.9877
-4.9877
-4.9877
-4.9877
-4.9877
-4.9877
-4.9877
-4.9877
-4.9876
-4.9876
-4.9876
-4.9876
-4.9876
-4.9876
-4.9876
-4.9875
-4.9875
-4.9875
-4.9875
-4.9875
-4.9875
-4.9875
-4.9874
-4.9874
-4.9874
-4.9874
-4.9874
-4.9874
-4.9874
-4.9873
-4.9873
-4.9873
-4.9873
-4.9873
-4.9873
-4.9873
-4.9872
-4.9872
-4.9872
-4.9872
-4.9872
-4.9872
-4.9872
-4.9871
-4.9871
-4.9871
-4.9871
-4.9871
-4.9871
-4.9871
-4.9870
-4.9870
-4.9870
-4.9870
-4.9870
-4.9870
-4.9870
-4.9869
-4.9869
-4.9869
-4.9869
-4.9869
-4.9869
-4.9869
-4.9868
-4.9868
-4.9868
-4.9868
-4.9868
-4.9868
-4.9867
-4.9867
-4.9867
-4.9867
-4.9867
-4.9867
-4.9867
-4.9866
-4.9866
-4.9866
-4.9866
-4.9866
-4.9866
-4.9865
-4.9865
-4.9865
-4.9865
-4.9865
-4.9865
-4.9865
-4.9864
-4.9864
-4.9864
-4.9864
-4.9864
-4.9864
-4.9863
-4.9863
-4.9863
-4.9863
-4.9863
-4.9863
-4.9862
-4.9862
-4.9862
-4.9862
-4.9862
-4.9862
-4.9861
-4.9861
-4.9861
-4.9861
-4.9861
-4.9861
-4.9861
-4.9860
-4.9860
-4.9860
-4.9860
-4.9860
-4.9860
-4.9859
-4.9859
-4.9859
-4.9859
-4.9859
-4.9859
-4.9858
-4.9858
-4.9858
-4.9858
-4.9858
-4.9858
-4.9857
-4.9857
-4.9857
-4.9857
-4.9857
-4.9856
-4.9856
-4.9856
-4.9856
-4.9856
-4.9856
-4.9855
-4.9855
-4.9855
-4.9855
-4.9855
-4.9855
-4.9854
-4.9854
-4.9854
-4.9854
-4.9854
-4.9854
-4.9853
-4.9853
-4.9853
-4.9853
-4.9853
-4.9852
-4.9852
-4.9852
-4.9852
-4.9852
-4.9852
-4.9851
-4.9851
-4.9851
-4.9851
-4.9851
-4.9850
-4.9850
-4.9850
-4.9850
-4.9850
-4.9850
-4.9849
-4.9849
-4.9849
-4.9849
-4.9849
-4.9848
-4.9848
-4.9848
-4.9848
-4.9848
-4.9848
-4.9847
-4.9847
-4.9847
-4.9847
-4.9847
-4.9846
-4.9846
-4.9846
-4.9846
-4.9846
-4.9845
-4.9845
-4.9845
-4.9845
-4.9845
-4.9844
-4.9844
-4.9844
-4.9844
-4.9844
-4.9844
-4.9843
-4.9843
0.0000