2.6241
2.6241
2.6241
2.6241
2.6361
2.6241
2.6241
2.6241
2.6241
2.6361
2.6241
2.6241
2.6241
2.6241
2.6361
2.6241
2.6241
2.6241
2.6241
2.6361
2.6247
2.6247
2.6247
2.6247
2.6247
2.6247
2.6248
2.6248
2.6248
2.6248
2.6248
2.6248
2.6248
2.6248
2.6248
2.6248
2.6248
2.6248
2.6248
2.6248
2.6248
2.6248
2.6249
2.6249
2.6249
2.6249
2.6249
2.6249
2.6249
2.6249
2.6248
2.6248
2.6248
2.6248
2.6248
2.6248
2.6248
2.6248
2.6248
2.6248
2.6248
2.6247
2.6247
2.6247
2.6247
2.6247
2.6246
2.6246
2.6246
2.6246
2.6245
2.6245
2.6245
2.6245
2.6244
2.6244
2.6243
2.6243
2.6243
2.6242
2.6242
2.6241
2.6241
2.6241
2.6240
2.6240
2.6239
2.6239
2.6238
2.6238
2.6237
2.6237
2.6236
2.6236
2.6235
2.6234
2.6234
2.6233
2.6233
2.6232
2.6232
2.6231
2.6231
2.6230
2.6230
2.6229
2.6229
2.6228
2.6228
2.6227
2.6227
2.6226
2.6226
2.6225
2.6225
2.6224
2.6224
2.6223
2.6223
2.6223
2.6222
2.6222
2.6222
2.6221
2.6221
2.6221
2.6220
2.6220
2.6220
2.6220
2.6220
2.6219
2.6219
2.6219
2.6219
2.6219
2.6219
2.6218
2.6218
2.6218
2.6218
2.6218
2.6218
2.6218
2.6218
2.6218
2.6218
2.6218
2.6218
2.6218
2.6218
2.6218
2.6218
2.6218
2.6218
2.6218
2.6218
2.6218
2.6218
2.6218
2.6218
2.6218
2.6218
2.6219
2.6219
2.6219
2.6219
2.6219
2.6219
2.6219
2.6219
2.6219
2.6219
2.6219
2.6220
2.6220
2.6220
3.0081
2.4968
2.2304
2.6258
2.6257
2.6255
2.6254
2.6253
2.6252
2.6251
2.6250
2.6249
2.6248
2.6248
2.6247
2.6246
2.6245
2.6244
2.6243
2.6243
2.6242
2.6241
2.6241
2.6240
2.6239
2.6239
2.6238
2.6238
2.6237
2.6236
2.6236
2.6235
2.6235
2.6235
2.6234
2.6234
2.6233
2.6233
2.6232
2.6232
2.6232
2.6231
2.6231
2.6231
2.6230
2.6230
2.6230
2.6229
2.6229
2.6229
2.6229
2.6228
2.6228
2.6228
2.6228
2.6227
2.6227
2.6227
2.6227
2.6227
2.6227
2.6226
2.6226
2.6226
2.6226
2.6226
2.6226
2.6225
2.6225
2.6225
2.6225
2.6225
2.6225
2.6225
2.6224
2.6224
2.6224
2.6224
2.6224
2.6224
2.6224
2.6224
2.6224
2.6224
2.6224
2.6223
2.6223
2.6223
2.6223
2.6223
2.6223
2.6223
2.6223
2.6223
2.6223
2.6223
2.6223
2.6223
2.6223
2.6223
2.5858
2.6655
2.6222
2.6223
2.6223
2.6223
2.6224
2.6224
2.6224
2.6225
2.6225
2.6225
2.6226
2.6226
2.6226
2.6227
2.6227
2.6227
2.6228
2.6228
2.6228
2.6229
2.6229
2.6229
2.6230
2.6230
2.6230
2.6231
2.6231
2.6231
2.6232
2.6232
2.6233
2.6233
2.6233
2.6234
2.6234
2.6235
2.6235
2.6235
2.6236
2.6236
2.6236
2.6237
2.6237
2.6238
2.6238
2.6238
2.6239
2.6239
2.6240
2.6240
2.6241
2.6241
2.6241
2.6242
2.6242
2.6243
2.6243
2.6243
2.6244
2.6244
2.6245
2.6245
2.6246
2.6246
2.6246
2.6247
2.6247
2.6248
2.6248
2.6248
2.6249
2.6249
2.6250
2.6250
2.6250
2.6251
2.6251
2.6252
2.6252
2.6253
2.6253
2.6253
2.6254
2.6254
2.6255
2.6255
2.6255
2.6256
2.6256
2.6256
2.6257
2.6257
2.6258
2.6258
2.6258
2.6259
2.6259
2.6259
2.6260
2.6260
2.6261
2.6261
2.6261
2.6262
2.6262
2.6262
2.6263
2.6263
2.6263
2.6264
2.6264
2.6264
2.6265
2.6265
2.6265
2.6265
2.6266
2.6266
2.6266
2.6267
2.6267
2.6267
2.6267
2.6268
2.6268
2.6268
2.6268
2.6268
2.6269
2.6269
2.6269
2.6269
2.6270
2.6270
2.6270
2.6270
2.6270
2.6270
2.6271
2.6271
2.6271
2.6271
2.6271
2.6271
2.6271
2.6272
2.6272
2.6272
2.6272
2.6272
2.6272
2.6272
2.6272
2.6272
2.6272
2.6272
2.6272
2.6273
2.6273
2.6273
2.6273
2.6273
2.6273
2.6273
2.6273
2.6273
2.6273
2.6273
2.6273
2.6273
2.6272
2.6272
2.6272
2.6272
2.6272
2.6272
2.6272
2.6272
2.6272
2.6272
2.6272
2.6272
2.6272
2.6271
2.6271
2.6271
2.6271
2.6271
2.6271
2.6271
2.6270
2.6270
2.6270
2.6270
2.6270
2.6270
2.6269
2.6269
2.6269
2.6269
2.6269
2.6268
2.6268
2.6268
2.6268
2.6267
2.6267
2.6267
2.6267
2.6267
2.6266
2.6266
2.6266
2.6266
2.6265
2.6265
2.6265
2.6264
2.6264
2.6264
2.6264
2.6263
2.6263
2.6263
2.6263
2.6262
2.6262
2.6262
2.6261
2.6261
2.6261
2.6261
2.6260
2.6260
2.6260
2.6259
2.6259
2.6259
2.6258
2.6258
2.6258
2.6258
2.6257
2.6257
2.6257
2.6256
2.6256
2.6256
2.6256
2.6255
2.6255
2.6255
2.6254
2.6254
2.6254
2.6254
2.6253
2.6253
2.6253
2.6252
2.6252
2.6252
2.6252
2.6251
2.6251
2.6251
2.6250
2.6250
2.6250
2.6250
2.6249
2.6249
2.6249
2.6249
2.6248
2.6248
2.6248
2.6248
2.6248
2.6247
2.6247
2.6247
2.6247
2.6246
2.6246
2.6246
2.6246
2.6246
2.6245
2.6245
2.6245
2.6245
2.6245
2.6244
2.6244
2.6244
2.6244
2.6244
2.6244
2.6243
2.6243
2.6243
2.6243
2.6243
2.6243
2.6243
2.6243
2.6242
2.6242
2.6242
2.6242
2.6242
2.6242
2.6242
2.6242
2.6242
2.6242
2.6241
2.6241
2.6241
2.6241
2.6241
2.6241
2.6241
2.6241
2.6241
2.6241
2.6241
2.6241
2.6241
2.6241
2.6241
2.6241
2.6241
2.6241
2.6241
2.6241
2.6241
2.6241
2.6241
2.6241
2.6241
2.6241
2.6241
2.6241
2.6241
2.6241
2.6241
2.6241
2.6241
2.6241
2.6242
2.6242
2.6242
2.6242
2.6242
2.6242
2.6242
2.6242
2.6242
2.6242
2.6242
2.6243
2.6243
2.6243
2.6243
2.6243
2.6243
2.6243
2.6244
2.6244
2.6244
2.6244
2.6244
2.6244
2.6244
2.6245
2.6245
2.6245
2.6245
2.6245
2.6245
2.6246
2.6246
2.6246
2.6246
2.6246
2.6247
2.6247
2.6247
2.6247
2.6247
2.6248
2.6248
2.6248
2.6248
2.6248
2.6249
2.6249
2.6249
2.6249
2.6250
2.6250
2.6250
2.6250
2.6251
2.6251
2.6251
2.6251
2.6251
2.6252
2.6252
2.6252
2.6252
2.6253
2.6253
2.6253
2.6253
2.6254
2.6254
2.6254
2.6255
2.6255
2.6255
2.6255
2.6256
2.6256
2.6256
2.6256
2.6257
2.6257
2.6257
2.6257
2.6258
2.6258
2.6258
2.6258
2.6259
2.6259
2.6259
2.6260
2.6260
2.6260
2.6260
2.6261
2.6261
2.6261
2.6261
2.6262
2.6262
2.6262
2.6262
2.6263
2.6263
2.6263
2.6263
2.6264
2.6264
2.6264
2.6264
2.6265
2.6265
2.6265
2.6265
2.6265
2.6266
2.6266
2.6266
2.6266
2.6267
2.6267
2.6267
2.6267
2.6267
2.6268
2.6268
2.6268
2.6268
2.6268
2.6269
2.6269
2.6269
2.6269
2.6269
2.6269
2.6270
2.6270
2.6270
2.6270
2.6270
2.6270
2.6270
2.6270
2.6271
2.6271
2.6271
2.6271
2.6271
2.6271
2.6271
2.6271
2.6271
2.6271
2.6271
2.6272
2.6272
2.6272
2.6272
2.6272
2.6272
2.6272
2.6272
2.6272
2.6272
2.6272
2.6272
2.6272
2.6272
2.6272
2.6272
2.6272
2.6272
2.6272
2.6272
2.6272
2.6272
2.6271
2.6271
2.6271
2.6271
2.6271
2.6271
2.6271
2.6271
2.6271
2.6271
2.6270
2.6270
2.6270
2.6270
2.6270
2.6270
2.6270
2.6269
2.6269
2.6269
2.6269
2.6269
2.6268
2.6268
2.6268
2.6268
2.6268
2.6267
2.6267
2.6267
2.6267
2.6266
2.6266
2.6266
2.6266
2.6265
2.6265
2.6265
2.6264
2.6264
2.6264
2.6264
2.6263
2.6263
2.6263
2.6262
2.6262
2.6262
2.6261
2.6261
2.6261
2.6260
2.6260
2.6260
2.6259
2.6259
2.6258
2.6258
2.6258
2.6257
2.6257
2.6257
2.6256
2.6256
2.6255
2.6255
2.6255
2.6254
2.6254
2.6253
2.6253
2.6253
2.6252
2.6252
2.6251
2.6251
2.6250
2.6250
2.6250
2.6249
2.6249
2.6248
2.6248
2.6247
2.6247
2.6247
2.6246
2.6246
2.6245
2.6245
2.6244
2.6244
2.6244
2.6243
2.6243
2.6242
2.6242
2.6241
2.6241
2.6241
2.6240
2.6240
2.6239
2.6239
2.6238
2.6238
2.6237
2.6237
2.6237
2.6236
2.6236
2.6235
2.6235
2.6235
2.6234
2.6234
2.6233
2.6233
2.6232
2.6232
2.6232
2.6231
2.6231
2.6230
2.6230
2.6230
2.6229
2.6229
2.6229
2.6228
2.6228
2.6227
2.6227
2.6227
2.6226
2.6226
2.6226
2.6225
2.6225
2.6225
2.6224
2.6224
2.6224
2.6223
2.6223
2.6223
2.6222
2.6222
2.6222
2.6221
2.6221
2.6221
2.6220
2.6220
2.6220
2.6220
2.6219
2.6219
2.6219
2.6218
2.6218
2.6218
2.6218
2.6217
2.6217
2.6217
2.6217
2.6217
2.6216
2.6216
2.6216
2.6216
2.6215
2.6215
2.6215
2.6215
2.6215
2.6215
2.6214
2.6214
2.6214
2.6214
2.6214
2.6214
2.6213
2.6213
2.6213
2.6213
2.6213
2.6213
2.6213
2.6212
2.6212
2.6212
2.6212
2.6212
2.6212
2.6212
2.6212
2.6212
2.6212
2.6212
2.6212
2.6211
2.6211
2.6211
2.6211
2.6211
2.6211
2.6211
2.6211
2.6211
2.6211
2.6211
2.6211
2.6211
2.6211
2.6211
2.6211
2.6211
2.6211
2.6211
2.6211
2.6211
2.6211
2.6211
2.6211
2.6211
2.6211
2.6212
2.6212
2.6212
2.6212
2.6212
2.6212
2.6212
2.6212
2.6212
2.6212
2.6212
2.6212
2.6213
2.6213
2.6213
2.6213
2.6213
2.6213
2.6213
2.6213
2.6214
2.6214
2.6214
2.6214
2.6214
2.6214
2.6215
2.6215
2.6215
2.6215
2.6215
2.6215
2.6216
2.6216
2.6216
2.6216
2.6216
2.6217
2.6217
2.6217
2.6217
2.6217
2.6218
2.6218
2.6218
2.6218
2.6219
2.6219
2.6219
2.6219
2.6220
2.6220
2.6220
2.6220
2.6221
2.6221
2.6221
2.6222
2.7116
2.6199
2.6199
2.6199
2.6200
2.6200
2.6200
2.6200
2.6201
2.6201
2.6201
2.6202
2.6202
2.6202
2.6203
2.6203
2.6203
2.6204
2.6204
2.6205
2.6205
2.6206
2.6206
2.6206
2.6207
2.6207
2.6208
2.6208
2.6209
2.6209
2.6209
2.6210
2.6210
2.6210
2.6211
2.6211
2.6212
2.6212
2.6212
2.6213
2.6213
2.6213
2.6214
2.6214
2.6214
2.6214
2.6215
2.6215
2.6215
2.6216
2.6216
2.6216
2.6216
2.6217
2.6217
2.6217
2.6217
2.6217
2.6218
2.6218
2.6218
2.6218
2.6219
2.6219
2.6219
2.6219
2.6219
2.6219
2.6220
2.6220
2.6220
2.6220
2.6220
2.6220
2.6220
2.6221
2.6221
2.6221
2.6221
2.6221
2.6221
2.6221
2.6221
2.6222
2.6222
2.6222
2.6222
2.6222
2.6222
2.6222
2.6222
2.6222
2.6222
2.6222
2.6222
2.6223
2.6223
2.6223
2.2100
2.7950
2.8324
2.6220
2.6220
2.6220
2.6219
2.6219
2.6219
2.6219
2.6219
2.6219
2.6219
2.6219
2.6219
2.6219
2.6219
2.6218
2.6218
2.6218
2.6218
2.6218
2.6218
2.6218
2.6218
2.6218
2.6218
2.6218
2.6218
2.6218
2.6218
2.6218
2.6218
2.6218
2.6218
2.6218
2.6218
2.6218
2.6218
2.6218
2.6218
2.6218
2.6219
2.6219
2.6219
2.6219
2.6219
2.6219
2.6220
2.6220
2.6220
2.6220
2.6221
2.6221
2.6221
2.6221
2.6222
2.6222
2.6222
2.6223
2.6223
2.6224
2.6224
2.6224
2.6225
2.6225
2.6226
2.6226
2.6227
2.6227
2.6228
2.6228
2.6229
2.6229
2.6230
2.6230
2.6231
2.6231
2.6232
2.6232
2.6233
2.6234
2.6234
2.6235
2.6235
2.6236
2.6236
2.6237
2.6237
2.6238
2.6238
2.6239
2.6239
2.6240
2.6240
2.6241
2.6241
2.6242
2.6242
2.6242
2.6243
2.6243
2.6244
2.6244
2.6244
2.6245
2.6245
2.6245
2.6246
2.6246
2.6246
2.6246
2.6247
2.6247
2.6247
2.6247
2.6247
2.6248
2.6248
2.6248
2.6248
2.6248
2.6248
2.6248
2.6248
2.6248
2.6248
2.6249
2.6249
2.6249
2.6249
2.6249
2.6249
2.6249
2.6249
2.6249
2.6249
2.6249
2.6249
2.6248
2.6248
2.6248
2.6248
2.6248
2.6248
2.6248
2.6248
2.6248
2.6248
2.6248
2.6248
2.6248
2.6248
2.6248
2.6247
2.6247
2.6247
2.6247
2.6247
2.6244
2.6241
2.6241
2.6241
2.6241
2.6361
2.6241
2.6241
2.6241
2.6241
2.6361
2.6241
2.6241
2.6241
2.6241
2.6361
2.6241
2.6241
2.6241
2.6241
2.6241