0.0000
1.3937
1.5396
1.7004
1.8777
2.0730
2.2133
2.2133
2.2133
2.2133
2.2133
2.2133
2.2133
2.2133
2.2133
2.2133
2.2133
2.2133
2.2133
2.2133
2.2729
2.3336
2.3957
2.4590
2.5236
2.5895
2.6567
2.7252
2.7949
2.8659
2.9382
3.0118
3.0866
3.1626
3.2399
3.3183
3.3980
3.4788
3.5607
3.6438
3.7279
3.8131
3.8993
3.9864
4.0745
4.1634
4.2531
4.3436
4.4348
4.5266
4.6190
4.7120
4.8053
4.8990
4.9930
5.0872
5.1814
5.2757
5.3699
5.4640
5.5577
5.6510
5.7439
5.8362
5.9277
6.0184
6.1082
6.1969
6.2844
6.3707
6.4555
6.5387
6.6203
6.7000
6.7779
6.8537
6.9273
6.9987
7.0676
7.1341
7.1978
7.2589
7.3171
7.3723
7.4245
7.4735
7.5193
7.5617
7.6008
7.6363
7.6683
7.6967
7.7215
7.7425
7.7597
7.7732
7.7829
7.7887
7.7906
7.7887
7.7830
7.7734
7.7601
7.7429
7.7219
7.6973
7.6690
7.6370
7.6016
7.5626
7.5202
7.4745
7.4255
7.3734
7.3183
7.2601
7.1991
7.1354
7.0690
7.0001
6.9288
6.8552
6.7795
6.7017
6.6219
6.5404
6.4572
6.3724
6.2863
6.1988
6.1101
6.0203
5.9296
5.8381
5.7458
5.6530
5.5596
5.4659
5.3719
5.2777
5.1834
5.0891
4.9950
4.9010
4.8073
4.7139
4.6210
4.5286
4.4367
4.3455
4.2550
4.1652
4.0763
3.9882
3.9011
3.8149
3.7297
3.6455
3.5625
3.4805
3.3997
3.3200
3.2415
3.1642
3.0881
3.0133
2.9397
2.8674
2.7964
2.7266
2.6581
2.5909
2.5250
2.4604
2.3970
2.3349
2.2741
2.2146
53.7021
-20.5567
-19.9211
-19.3027
-18.7015
-18.1171
-17.5494
-16.9981
-16.4628
-15.9434
-15.4395
-14.9508
-14.4770
-14.0176
-13.5724
-13.1410
-12.7230
-12.3181
-11.9260
-11.5463
-11.1786
-10.8226
-10.4780
-10.1444
-9.8216
-9.5091
-9.2066
-8.9140
-8.6307
-8.3567
-8.0915
-7.8349
-7.5866
-7.3463
-7.1138
-6.8889
-6.6713
-6.4607
-6.2569
-6.0598
-5.8690
-5.6844
-5.5058
-5.3329
-5.1656
-5.0037
-4.8471
-4.6955
-4.5487
-4.4067
-4.2692
-4.1362
-4.0074
-3.8827
-3.7620
-3.6452
-3.5321
-3.4226
-3.3166
-3.2140
-3.1146
-3.0184
-2.9252
-2.8350
-2.7476
-2.6630
-2.5810
-2.5016
-2.4248
-2.3503
-2.2782
-2.2083
-2.1407
-2.0751
-2.0116
-1.9501
-1.8905
-1.8327
-1.7768
-1.7226
-1.6700
-1.6192
-1.5698
-1.5221
-1.4757
-1.4309
-1.3874
-1.3452
-1.3044
-1.2648
-1.2264
-1.1892
-1.1532
-1.1182
-1.0844
-1.0516
-1.0197
-0.9889
-0.9590
-14.3377
1.6147
1.6379
1.6610
1.6841
1.7070
1.7297
1.7524
1.7749
1.7973
1.8196
1.8417
1.8637
1.8855
1.9072
1.9287
1.9501
1.9714
1.9925
2.0134
2.0342
2.0548
2.0752
2.0955
2.1156
2.1356
2.1553
2.1749
2.1944
2.2136
2.2327
2.2515
2.2702
2.2887
2.3070
2.3252
2.3431
2.3608
2.3784
2.3957
2.4129
2.4298
2.4466
2.4631
2.4795
2.4956
2.5115
2.5273
2.5428
2.5581
2.5732
2.5880
2.6027
2.6172
2.6314
2.6454
2.6592
2.6728
2.6862
2.6994
2.7123
2.7250
2.7375
2.7498
2.7619
2.7737
2.7853
2.7967
2.8079
2.8188
2.8296
2.8401
2.8503
2.8604
2.8703
2.8799
2.8893
2.8985
2.9074
2.9161
2.9247
2.9330
2.9410
2.9489
2.9565
2.9639
2.9711
2.9781
2.9849
2.9914
2.9978
3.0039
3.0098
3.0155
3.0210
3.0263
3.0313
3.0362
3.0408
3.0452
3.0495
3.0535
3.0573
3.0609
3.0643
3.0675
3.0706
3.0734
3.0760
3.0784
3.0806
3.0826
3.0845
3.0861
3.0876
3.0888
3.0899
3.0908
3.0915
3.0920
3.0924
3.0925
3.0925
3.0923
3.0919
3.0913
3.0906
3.0897
3.0886
3.0874
3.0860
3.0844
3.0826
3.0807
3.0787
3.0764
3.0740
3.0715
3.0688
3.0659
3.0629
3.0597
3.0564
3.0529
3.0493
3.0455
3.0415
3.0375
3.0333
3.0289
3.0244
3.0198
3.0150
3.0101
3.0050
2.9998
2.9945
2.9891
2.9835
2.9778
2.9719
2.9659
2.9598
2.9536
2.9472
2.9408
2.9341
2.9274
2.9206
2.9136
2.9065
2.8993
2.8920
2.8845
2.8770
2.8693
2.8615
2.8536
2.8456
2.8374
2.8292
2.8208
2.8123
2.8038
2.7951
2.7863
2.7774
2.7683
2.7592
2.7500
2.7406
2.7312
2.7216
2.7119
2.7022
2.6923
2.6823
2.6722
2.6620
2.6517
2.6413
2.6308
2.6202
2.6095
2.5987
2.5877
2.5767
2.5655
2.5543
2.5430
2.5315
2.5199
2.5083
2.4965
2.4846
2.4726
2.4605
2.4483
2.4360
2.4236
2.4111
2.3985
2.3858
2.3729
2.3600
2.3469
2.3337
2.3205
2.3071
2.2936
2.2800
2.2663
2.2524
2.2385
2.2244
2.2103
2.1960
2.1816
2.1671
2.1525
2.1377
2.1229
2.1079
2.0928
2.0776
2.0623
2.0469
2.0313
2.0156
1.9999
1.9840
1.9679
1.9518
1.9355
1.9191
1.9026
1.8860
1.8692
1.8523
1.8353
1.8182
1.8010
1.7836
1.7661
1.7485
1.7308
1.7129
1.6949
1.6768
1.6586
1.6402
1.6217
1.6031
1.5844
1.5655
1.5465
1.5274
1.5082
1.4888
1.4693
1.4497
1.4299
1.4101
1.3901
1.3700
1.3497
1.3294
1.3089
1.2883
1.2676
1.2467
1.2257
1.2046
1.1834
1.1621
1.1406
1.1190
1.0973
1.0755
1.0536
1.0315
1.0094
0.9871
0.9647
0.9422
0.9195
0.8968
0.8740
0.8510
0.8279
0.8048
0.7815
0.7581
0.7346
0.7110
0.6873
0.6635
0.6396
0.6157
0.5916
0.5674
0.5431
0.5187
0.4943
0.4697
0.4451
0.4204
0.3956
0.3707
0.3457
0.3206
0.2955
0.2703
0.2450
0.2197
0.1943
0.1688
0.1432
0.1176
0.0919
0.0662
0.0404
0.0145
-0.0114
-0.0373
-0.0633
-0.0894
-0.1155
-0.1416
-0.1678
-0.1940
-0.2203
-0.2465
-0.2729
-0.2992
-0.3256
-0.3520
-0.3784
-0.4048
-0.4313
-0.4577
-0.4842
-0.5107
-0.5372
-0.5636
-0.5901
-0.6166
-0.6431
-0.6696
-0.6960
-0.7225
-0.7489
-0.7753
-0.8017
-0.8281
-0.8544
-0.8807
-0.9070
-0.9332
-0.9594
-0.9856
-1.0117
-1.0377
-1.0638
-1.0897
-1.1156
-1.1415
-1.1673
-1.1930
-1.2187
-1.2443
-1.2698
-1.2952
-1.3206
-1.3459
-1.3711
-1.3962
-1.4212
-1.4461
-1.4710
-1.4957
-1.5204
-1.5449
-1.5693
-1.5936
-1.6178
-1.6419
-1.6659
-1.6898
-1.7135
-1.7371
-1.7606
-1.7839
-1.8072
-1.8302
-1.8532
-1.8760
-1.8987
-1.9212
-1.9435
-1.9657
-1.9878
-2.0097
-2.0315
-2.0531
-2.0745
-2.0957
-2.1168
-2.1377
-2.1585
-2.1791
-2.1995
-2.2197
-2.2397
-2.2596
-2.2792
-2.2987
-2.3180
-2.3371
-2.3560
-2.3747
-2.3933
-2.4116
-2.4297
-2.4476
-2.4653
-2.4828
-2.5001
-2.5172
-2.5341
-2.5507
-2.5672
-2.5834
-2.5994
-2.6152
-2.6308
-2.6461
-2.6613
-2.6762
-2.6909
-2.7053
-2.7195
-2.7336
-2.7473
-2.7609
-2.7742
-2.7873
-2.8001
-2.8127
-2.8251
-2.8372
-2.8491
-2.8608
-2.8722
-2.8834
-2.8944
-2.9051
-2.9156
-2.9258
-2.9358
-2.9455
-2.9551
-2.9643
-2.9734
-2.9822
-2.9907
-2.9990
-3.0071
-3.0149
-3.0225
-3.0298
-3.0369
-3.0438
-3.0504
-3.0568
-3.0629
-3.0689
-3.0745
-3.0799
-3.0851
-3.0901
-3.0948
-3.0993
-3.1035
-3.1076
-3.1113
-3.1149
-3.1182
-3.1213
-3.1241
-3.1268
-3.1292
-3.1313
-3.1333
-3.1350
-3.1365
-3.1378
-3.1388
-3.1397
-3.1403
-3.1407
-3.1409
-3.1409
-3.1406
-3.1402
-3.1395
-3.1386
-3.1376
-3.1363
-3.1348
-3.1331
-3.1312
-3.1292
-3.1269
-3.1244
-3.1217
-3.1189
-3.1158
-3.1126
-3.1092
-3.1056
-3.1018
-3.0978
-3.0937
-3.0894
-3.0849
-3.0802
-3.0753
-3.0703
-3.0651
-3.0598
-3.0543
-3.0486
-3.0428
-3.0368
-3.0307
-3.0244
-3.0179
-3.0113
-3.0046
-2.9977
-2.9907
-2.9835
-2.9762
-2.9687
-2.9612
-2.9534
-2.9456
-2.9376
-2.9295
-2.9212
-2.9129
-2.9044
-2.8958
-2.8871
-2.8782
-2.8693
-2.8602
-2.8510
-2.8417
-2.8323
-2.8228
-2.8132
-2.8034
-2.7936
-2.7837
-2.7737
-2.7635
-2.7533
-2.7430
-2.7326
-2.7221
-2.7115
-2.7008
-2.6900
-2.6792
-2.6682
-2.6572
-2.6461
-2.6349
-2.6236
-2.6123
-2.6009
-2.5893
-2.5778
-2.5661
-2.5543
-2.5425
-2.5306
-2.5187
-2.5067
-2.4945
-2.4824
-2.4701
-2.4578
-2.4454
-2.4330
-2.4205
-2.4079
-2.3952
-2.3825
-2.3697
-2.3568
-2.3439
-2.3309
-2.3179
-2.3048
-2.2916
-2.2783
-2.2650
-2.2516
-2.2382
-2.2247
-2.2111
-2.1974
-2.1837
-2.1699
-2.1561
-2.1422
-2.1282
-2.1142
-2.1000
-2.0859
-2.0716
-2.0573
-2.0429
-2.0284
-2.0139
-1.9993
-1.9846
-1.9699
-1.9551
-1.9402
-1.9252
-1.9102
-1.8950
-1.8798
-1.8646
-1.8492
-1.8338
-1.8183
-1.8027
-1.7870
-1.7713
-1.7554
-1.7395
-1.7235
-1.7074
-1.6913
-1.6750
-1.6587
-1.6422
-1.6257
-1.6091
-1.5924
-1.5756
-1.5587
-1.5417
-1.5247
-1.5075
-1.4902
-1.4729
-1.4554
-1.4379
-1.4202
-1.4025
-1.3846
-1.3667
-1.3486
-1.3305
-1.3122
-1.2938
-1.2754
-1.2568
-1.2381
-1.2194
-1.2005
-1.1815
-1.1624
-1.1432
-1.1239
-1.1044
-1.0849
-1.0653
-1.0455
-1.0257
-1.0057
-0.9856
-0.9655
-0.9452
-0.9248
-0.9043
-0.8837
-0.8629
-0.8421
-0.8212
-0.8001
-0.7789
-0.7577
-0.7363
-0.7148
-0.6932
-0.6715
-0.6497
-0.6278
-0.6058
-0.5837
-0.5615
-0.5392
-0.5168
-0.4942
-0.4716
-0.4489
-0.4261
-0.4032
-0.3802
-0.3571
-0.3339
-0.3106
-0.2872
-0.2638
-0.2402
-0.2166
-0.1929
-0.1691
-0.1452
-0.1212
-0.0972
-0.0731
-0.0489
-0.0246
-0.0003
0.0241
0.0486
0.0731
0.0977
0.1224
0.1471
0.1719
0.1967
0.2216
0.2465
0.2715
0.2965
0.3216
0.3467
0.3718
0.3970
0.4222
0.4474
0.4727
0.4980
0.5233
0.5486
0.5740
0.5994
0.6247
0.6501
0.6755
0.7009
0.7263
0.7517
0.7770
0.8024
0.8278
0.8531
0.8784
0.9037
0.9290
0.9543
0.9795
1.0047
1.0298
1.0549
1.0800
1.1050
1.1300
1.1549
1.1798
1.2046
1.2294
1.2541
1.2787
1.3032
1.3277
1.3521
1.3764
1.4007
1.4248
1.4489
1.4729
1.4968
1.5206
1.5442
1.5678
18.5112
18.0995
17.6881
17.2782
16.8705
16.4659
16.0650
15.6685
15.2768
14.8904
14.5098
14.1351
13.7668
13.4050
13.0499
12.7016
12.3603
12.0261
11.6989
11.3789
11.0660
10.7603
10.4617
10.1701
9.8856
9.6080
9.3372
9.0732
8.8160
8.5652
8.3210
8.0832
7.8515
7.6261
7.4066
7.1931
6.9853
6.7832
6.5866
6.3954
6.2095
6.0287
5.8530
5.6822
5.5162
5.3548
5.1980
5.0457
4.8977
4.7539
4.6142
4.4785
4.3468
4.2188
4.0944
3.9737
3.8565
3.7427
3.6321
3.5248
3.4206
3.3194
3.2212
3.1259
3.0333
2.9435
2.8562
2.7716
2.6894
2.6096
2.5322
2.4571
2.3841
2.3133
2.2446
2.1780
2.1133
2.0505
1.9895
1.9304
1.8730
1.8173
1.7632
1.7108
1.6599
1.6105
1.5626
1.5161
1.4709
1.4272
1.3847
1.3434
1.3034
1.2646
1.2270
1.1904
1.1550
1.1205
1.0872
-41.9100
-2.2741
-2.3349
-2.3970
-2.4604
-2.5250
-2.5909
-2.6581
-2.7266
-2.7964
-2.8674
-2.9397
-3.0133
-3.0881
-3.1642
-3.2415
-3.3200
-3.3997
-3.4805
-3.5625
-3.6455
-3.7297
-3.8149
-3.9011
-3.9882
-4.0763
-4.1652
-4.2550
-4.3455
-4.4367
-4.5286
-4.6210
-4.7139
-4.8073
-4.9010
-4.9950
-5.0891
-5.1834
-5.2777
-5.3719
-5.4659
-5.5596
-5.6530
-5.7458
-5.8381
-5.9296
-6.0203
-6.1101
-6.1988
-6.2863
-6.3724
-6.4572
-6.5404
-6.6219
-6.7017
-6.7795
-6.8552
-6.9288
-7.0001
-7.0690
-7.1354
-7.1991
-7.2601
-7.3183
-7.3734
-7.4255
-7.4745
-7.5202
-7.5626
-7.6016
-7.6370
-7.6690
-7.6973
-7.7219
-7.7429
-7.7601
-7.7734
-7.7830
-7.7887
-7.7906
-7.7887
-7.7829
-7.7732
-7.7597
-7.7425
-7.7215
-7.6967
-7.6683
-7.6363
-7.6008
-7.5617
-7.5193
-7.4735
-7.4245
-7.3723
-7.3171
-7.2589
-7.1978
-7.1341
-7.0676
-6.9987
-6.9273
-6.8537
-6.7779
-6.7000
-6.6203
-6.5387
-6.4555
-6.3707
-6.2844
-6.1969
-6.1082
-6.0184
-5.9277
-5.8362
-5.7439
-5.6510
-5.5577
-5.4640
-5.3699
-5.2757
-5.1814
-5.0872
-4.9930
-4.8990
-4.8053
-4.7120
-4.6190
-4.5266
-4.4348
-4.3436
-4.2531
-4.1634
-4.0745
-3.9864
-3.8993
-3.8131
-3.7279
-3.6438
-3.5607
-3.4788
-3.3980
-3.3183
-3.2399
-3.1626
-3.0866
-3.0118
-2.9382
-2.8659
-2.7949
-2.7252
-2.6567
-2.5895
-2.5236
-2.4590
-2.3957
-2.3336
-2.2729
-2.2133
-2.2133
-2.2133
-2.2133
-2.2133
-2.2133
-2.2133
-2.2133
-2.2133
-2.2133
-2.2133
-2.2133
-2.2133
-2.2133
-2.0730
-1.8777
-1.7004
-1.5396
-1.3937
-1.3937
0.0000