0.0000
1.3937
1.5396
1.7004
1.8777
2.0730
2.2133
2.2133
2.2133
2.2133
2.2133
2.2133
2.2133
2.2133
2.2133
2.2133
2.2133
2.2133
2.2133
2.2133
2.2729
2.3336
2.3957
2.4590
2.5236
2.5895
2.6567
2.7252
2.7949
2.8659
2.9382
3.0118
3.0866
3.1626
3.2399
3.3183
3.3980
3.4788
3.5607
3.6438
3.7279
3.8131
3.8993
3.9864
4.0745
4.1634
4.2531
4.3436
4.4348
4.5266
4.6190
4.7120
4.8053
4.8990
4.9930
5.0872
5.1814
5.2757
5.3699
5.4640
5.5577
5.6510
5.7439
5.8362
5.9277
6.0184
6.1082
6.1969
6.2844
6.3707
6.4555
6.5387
6.6203
6.7000
6.7779
6.8537
6.9273
6.9987
7.0676
7.1341
7.1978
7.2589
7.3171
7.3723
7.4245
7.4735
7.5193
7.5617
7.6008
7.6363
7.6683
7.6967
7.7215
7.7425
7.7597
7.7732
7.7829
7.7887
7.7906
7.7887
7.7830
7.7734
7.7601
7.7429
7.7219
7.6973
7.6690
7.6370
7.6016
7.5626
7.5202
7.4745
7.4255
7.3734
7.3183
7.2601
7.1991
7.1354
7.0690
7.0001
6.9288
6.8552
6.7795
6.7017
6.6219
6.5404
6.4572
6.3724
6.2863
6.1988
6.1101
6.0203
5.9296
5.8381
5.7458
5.6530
5.5596
5.4659
5.3719
5.2777
5.1834
5.0891
4.9950
4.9010
4.8073
4.7139
4.6210
4.5286
4.4367
4.3455
4.2550
4.1652
4.0763
3.9882
3.9011
3.8149
3.7297
3.6455
3.5625
3.4805
3.3997
3.3200
3.2415
3.1642
3.0881
3.0133
2.9397
2.8674
2.7964
2.7266
2.6581
2.5909
2.5250
2.4604
2.3970
2.3349
2.2741
2.2146
74.9118
0.0000
0.0000
0.0000
0.0000
0.0000
0.0000
0.0000
0.0000
0.0000
0.0000
0.0000
0.0000
0.0000
0.0000
0.0000
0.0000
0.0000
0.0000
0.0000
0.0000
0.0000
0.0000
0.0000
0.0000
0.0000
0.0000
0.0000
0.0000
0.0000
0.0000
0.0000
0.0000
0.0000
0.0000
0.0000
0.0000
0.0000
0.0000
0.0000
0.0000
0.0000
0.0000
0.0000
0.0000
0.0000
0.0000
0.0000
0.0000
0.0000
0.0000
0.0000
0.0000
0.0000
0.0000
0.0000
0.0000
0.0000
0.0000
0.0000
0.0000
0.0000
0.0000
0.0000
0.0000
0.0000
0.0000
0.0000
0.0000
0.0000
0.0000
0.0000
0.0000
0.0000
0.0000
0.0000
0.0000
0.0000
0.0000
0.0000
0.0000
0.0000
0.0000
0.0000
0.0000
0.0000
0.0000
0.0000
0.0000
0.0000
0.0000
0.0000
0.0000
0.0000
0.0000
0.0000
0.0000
0.0000
0.0000
-3.2556
-3.2546
-3.2534
-3.2519
-3.2502
-3.2482
-3.2461
-3.2437
-3.2410
-3.2382
-3.2351
-3.2318
-3.2282
-3.2244
-3.2204
-3.2162
-3.2117
-3.2070
-3.2021
-3.1970
-3.1916
-3.1861
-3.1803
-3.1742
-3.1680
-3.1615
-3.1549
-3.1480
-3.1409
-3.1335
-3.1260
-3.1182
-3.1103
-3.1021
-3.0937
-3.0851
-3.0763
-3.0673
-3.0581
-3.0487
-3.0391
-3.0293
-3.0193
-3.0091
-2.9986
-2.9880
-2.9773
-2.9663
-2.9551
-2.9437
-2.9322
-2.9205
-2.9085
-2.8964
-2.8842
-2.8717
-2.8591
-2.8463
-2.8333
-2.8201
-2.8068
-2.7933
-2.7797
-2.7659
-2.7519
-2.7377
-2.7234
-2.7090
-2.6944
-2.6796
-2.6647
-2.6496
-2.6344
-2.6191
-2.6036
-2.5879
-2.5721
-2.5562
-2.5402
-2.5240
-2.5077
-2.4912
-2.4746
-2.4579
-2.4411
-2.4241
-2.4071
-2.3899
-2.3726
-2.3552
-2.3376
-2.3200
-2.3022
-2.2844
-2.2664
-2.2484
-2.2302
-2.2119
-2.1936
-2.1751
-2.1566
-2.1379
-2.1192
-2.1004
-2.0815
-2.0625
-2.0434
-2.0242
-2.0050
-1.9857
-1.9663
-1.9469
-1.9273
-1.9077
-1.8881
-1.8683
-1.8485
-1.8286
-1.8087
-1.7887
-1.7687
-1.7486
-1.7284
-1.7082
-1.6879
-1.6676
-1.6472
-1.6268
-1.6063
-1.5858
-1.5652
-1.5446
-1.5240
-1.5033
-1.4826
-1.4618
-1.4410
-1.4201
-1.3993
-1.3784
-1.3574
-1.3364
-1.3154
-1.2944
-1.2733
-1.2522
-1.2311
-1.2100
-1.1888
-1.1676
-1.1464
-1.1252
-1.1039
-1.0826
-1.0613
-1.0400
-1.0187
-0.9973
-0.9760
-0.9546
-0.9332
-0.9118
-0.8903
-0.8689
-0.8474
-0.8260
-0.8045
-0.7830
-0.7615
-0.7400
-0.7185
-0.6969
-0.6754
-0.6539
-0.6323
-0.6107
-0.5892
-0.5676
-0.5460
-0.5244
-0.5029
-0.4813
-0.4597
-0.4381
-0.4165
-0.3948
-0.3732
-0.3516
-0.3300
-0.3084
-0.2867
-0.2651
-0.2435
-0.2218
-0.2002
-0.1786
-0.1569
-0.1353
-0.1136
-0.0920
-0.0703
-0.0487
-0.0271
-0.0054
0.0162
0.0379
0.0595
0.0812
0.1028
0.1245
0.1461
0.1677
0.1894
0.2110
0.2326
0.2543
0.2759
0.2975
0.3192
0.3408
0.3624
0.3840
0.4056
0.4273
0.4489
0.4705
0.4921
0.5137
0.5352
0.5568
0.5784
0.6000
0.6215
0.6431
0.6646
0.6862
0.7077
0.7292
0.7507
0.7722
0.7937
0.8152
0.8367
0.8582
0.8796
0.9010
0.9225
0.9439
0.9653
0.9866
1.0080
1.0293
1.0507
1.0720
1.0933
1.1145
1.1358
1.1570
1.1782
1.1994
1.2205
1.2417
1.2628
1.2839
1.3049
1.3259
1.3469
1.3679
1.3888
1.4097
1.4306
1.4514
1.4722
1.4929
1.5136
1.5343
1.5549
1.5755
1.5961
1.6166
1.6370
1.6574
1.6778
1.6981
1.7183
1.7385
1.7586
1.7787
1.7987
1.8187
1.8386
1.8584
1.8782
1.8979
1.9175
1.9371
1.9566
1.9760
1.9954
2.0146
2.0338
2.0529
2.0720
2.0909
2.1098
2.1286
2.1473
2.1658
2.1844
2.2028
2.2211
2.2393
2.2574
2.2754
2.2933
2.3111
2.3288
2.3464
2.3639
2.3812
2.3985
2.4156
2.4326
2.4495
2.4663
2.4829
2.4994
2.5158
2.5321
2.5482
2.5642
2.5800
2.5958
2.6113
2.6268
2.6420
2.6572
2.6722
2.6870
2.7017
2.7162
2.7306
2.7448
2.7589
2.7728
2.7865
2.8001
2.8135
2.8267
2.8398
2.8527
2.8654
2.8780
2.8903
2.9025
2.9145
2.9263
2.9380
2.9494
2.9607
2.9718
2.9827
2.9934
3.0039
3.0142
3.0243
3.0342
3.0439
3.0534
3.0627
3.0718
3.0807
3.0894
3.0979
3.1062
3.1143
3.1221
3.1298
3.1372
3.1444
3.1514
3.1582
3.1648
3.1712
3.1773
3.1832
3.1889
3.1944
3.1996
3.2046
3.2094
3.2140
3.2183
3.2224
3.2263
3.2300
3.2334
3.2367
3.2396
3.2424
3.2449
3.2472
3.2492
3.2511
3.2527
3.2540
3.2552
3.2561
3.2567
3.2572
3.2574
3.2573
3.2571
3.2566
3.2559
3.2549
3.2537
3.2523
3.2506
3.2488
3.2467
3.2443
3.2417
3.2389
3.2359
3.2326
3.2291
3.2254
3.2215
3.2173
3.2129
3.2083
3.2034
3.1983
3.1930
3.1875
3.1818
3.1758
3.1696
3.1632
3.1566
3.1498
3.1427
3.1354
3.1279
3.1202
3.1123
3.1042
3.0958
3.0873
3.0785
3.0696
3.0604
3.0510
3.0414
3.0317
3.0217
3.0115
3.0011
2.9905
2.9798
2.9688
2.9576
2.9463
2.9347
2.9230
2.9111
2.8990
2.8867
2.8742
2.8616
2.8487
2.8357
2.8225
2.8092
2.7956
2.7819
2.7680
2.7540
2.7398
2.7254
2.7108
2.6961
2.6812
2.6662
2.6510
2.6357
2.6202
2.6045
2.5887
2.5728
2.5567
2.5404
2.5240
2.5075
2.4908
2.4740
2.4570
2.4399
2.4227
2.4054
2.3879
2.3702
2.3525
2.3346
2.3166
2.2985
2.2803
2.2619
2.2434
2.2248
2.2061
2.1873
2.1684
2.1493
2.1302
2.1109
2.0915
2.0721
2.0525
2.0328
2.0131
1.9932
1.9732
1.9532
1.9330
1.9128
1.8925
1.8720
1.8515
1.8310
1.8103
1.7895
1.7687
1.7478
1.7268
1.7057
1.6846
1.6633
1.6421
1.6207
1.5993
1.5778
1.5562
1.5346
1.5129
1.4911
1.4693
1.4474
1.4255
1.4035
1.3814
1.3593
1.3371
1.3149
1.2926
1.2703
1.2479
1.2255
1.2030
1.1805
1.1580
1.1354
1.1127
1.0900
1.0673
1.0445
1.0217
0.9989
0.9760
0.9531
0.9301
0.9071
0.8841
0.8611
0.8380
0.8149
0.7917
0.7686
0.7454
0.7222
0.6989
0.6756
0.6523
0.6290
0.6057
0.5823
0.5590
0.5356
0.5121
0.4887
0.4653
0.4418
0.4183
0.3948
0.3713
0.3478
0.3243
0.3007
0.2772
0.2536
0.2301
0.2065
0.1829
0.1593
0.1357
0.1121
0.0885
0.0649
0.0413
0.0177
-0.0059
-0.0295
-0.0531
-0.0767
-0.1003
-0.1239
-0.1475
-0.1711
-0.1947
-0.2183
-0.2418
-0.2654
-0.2890
-0.3125
-0.3360
-0.3596
-0.3831
-0.4066
-0.4301
-0.4535
-0.4770
-0.5004
-0.5239
-0.5473
-0.5706
-0.5940
-0.6174
-0.6407
-0.6640
-0.6873
-0.7105
-0.7338
-0.7570
-0.7802
-0.8033
-0.8264
-0.8495
-0.8726
-0.8956
-0.9186
-0.9416
-0.9645
-0.9874
-1.0103
-1.0331
-1.0559
-1.0787
-1.1014
-1.1240
-1.1467
-1.1693
-1.1918
-1.2143
-1.2367
-1.2591
-1.2815
-1.3038
-1.3260
-1.3482
-1.3703
-1.3924
-1.4145
-1.4364
-1.4583
-1.4802
-1.5020
-1.5237
-1.5454
-1.5670
-1.5885
-1.6100
-1.6314
-1.6527
-1.6740
-1.6951
-1.7163
-1.7373
-1.7582
-1.7791
-1.7999
-1.8206
-1.8413
-1.8618
-1.8823
-1.9026
-1.9229
-1.9431
-1.9632
-1.9832
-2.0031
-2.0230
-2.0427
-2.0623
-2.0818
-2.1012
-2.1206
-2.1398
-2.1589
-2.1778
-2.1967
-2.2155
-2.2341
-2.2527
-2.2711
-2.2894
-2.3076
-2.3256
-2.3436
-2.3614
-2.3791
-2.3966
-2.4140
-2.4313
-2.4485
-2.4655
-2.4824
-2.4992
-2.5158
-2.5322
-2.5485
-2.5647
-2.5808
-2.5966
-2.6124
-2.6279
-2.6434
-2.6586
-2.6737
-2.6887
-2.7035
-2.7181
-2.7326
-2.7469
-2.7610
-2.7750
-2.7888
-2.8024
-2.8159
-2.8291
-2.8422
-2.8552
-2.8679
-2.8805
-2.8929
-2.9051
-2.9171
-2.9289
-2.9405
-2.9520
-2.9632
-2.9743
-2.9852
-2.9959
-3.0063
-3.0166
-3.0267
-3.0366
-3.0463
-3.0557
-3.0650
-3.0741
-3.0829
-3.0916
-3.1000
-3.1083
-3.1163
-3.1241
-3.1317
-3.1391
-3.1463
-3.1532
-3.1599
-3.1665
-3.1727
-3.1788
-3.1847
-3.1903
-3.1957
-3.2009
-3.2059
-3.2106
-3.2151
-3.2194
-3.2235
-3.2273
-3.2309
-3.2343
-3.2374
-3.2404
-3.2430
-3.2455
-3.2477
-3.2497
-3.2515
-3.2530
-3.2543
-3.2554
-3.2563
-3.2569
-3.2572
-3.2574
-3.2573
-3.2570
-3.2564
0.0000
0.0000
0.0000
0.0000
0.0000
0.0000
0.0000
0.0000
0.0000
0.0000
0.0000
0.0000
0.0000
0.0000
0.0000
0.0000
0.0000
0.0000
0.0000
0.0000
0.0000
0.0000
0.0000
0.0000
0.0000
0.0000
0.0000
0.0000
0.0000
0.0000
0.0000
0.0000
0.0000
0.0000
0.0000
0.0000
0.0000
0.0000
0.0000
0.0000
0.0000
0.0000
0.0000
0.0000
0.0000
0.0000
0.0000
0.0000
0.0000
0.0000
0.0000
0.0000
0.0000
0.0000
0.0000
0.0000
0.0000
0.0000
0.0000
0.0000
0.0000
0.0000
0.0000
0.0000
0.0000
0.0000
0.0000
0.0000
0.0000
0.0000
0.0000
0.0000
0.0000
0.0000
0.0000
0.0000
0.0000
0.0000
0.0000
0.0000
0.0000
0.0000
0.0000
0.0000
0.0000
0.0000
0.0000
0.0000
0.0000
0.0000
0.0000
0.0000
0.0000
0.0000
0.0000
0.0000
0.0000
0.0000
0.0000
-77.4101
-2.2741
-2.3349
-2.3970
-2.4604
-2.5250
-2.5909
-2.6581
-2.7266
-2.7964
-2.8674
-2.9397
-3.0133
-3.0881
-3.1642
-3.2415
-3.3200
-3.3997
-3.4805
-3.5625
-3.6455
-3.7297
-3.8149
-3.9011
-3.9882
-4.0763
-4.1652
-4.2550
-4.3455
-4.4367
-4.5286
-4.6210
-4.7139
-4.8073
-4.9010
-4.9950
-5.0891
-5.1834
-5.2777
-5.3719
-5.4659
-5.5596
-5.6530
-5.7458
-5.8381
-5.9296
-6.0203
-6.1101
-6.1988
-6.2863
-6.3724
-6.4572
-6.5404
-6.6219
-6.7017
-6.7795
-6.8552
-6.9288
-7.0001
-7.0690
-7.1354
-7.1991
-7.2601
-7.3183
-7.3734
-7.4255
-7.4745
-7.5202
-7.5626
-7.6016
-7.6370
-7.6690
-7.6973
-7.7219
-7.7429
-7.7601
-7.7734
-7.7830
-7.7887
-7.7906
-7.7887
-7.7829
-7.7732
-7.7597
-7.7425
-7.7215
-7.6967
-7.6683
-7.6363
-7.6008
-7.5617
-7.5193
-7.4735
-7.4245
-7.3723
-7.3171
-7.2589
-7.1978
-7.1341
-7.0676
-6.9987
-6.9273
-6.8537
-6.7779
-6.7000
-6.6203
-6.5387
-6.4555
-6.3707
-6.2844
-6.1969
-6.1082
-6.0184
-5.9277
-5.8362
-5.7439
-5.6510
-5.5577
-5.4640
-5.3699
-5.2757
-5.1814
-5.0872
-4.9930
-4.8990
-4.8053
-4.7120
-4.6190
-4.5266
-4.4348
-4.3436
-4.2531
-4.1634
-4.0745
-3.9864
-3.8993
-3.8131
-3.7279
-3.6438
-3.5607
-3.4788
-3.3980
-3.3183
-3.2399
-3.1626
-3.0866
-3.0118
-2.9382
-2.8659
-2.7949
-2.7252
-2.6567
-2.5895
-2.5236
-2.4590
-2.3957
-2.3336
-2.2729
-2.2133
-2.2133
-2.2133
-2.2133
-2.2133
-2.2133
-2.2133
-2.2133
-2.2133
-2.2133
-2.2133
-2.2133
-2.2133
-2.2133
-2.0730
-1.8777
-1.7004
-1.5396
-1.3937
-1.3937
0.0000